—читанные значени€:
a: 2.000000
b: 6.000000
c: 0.000000
D: 36.000000
x1: 0.000000
x2: -3.000000
